{
  "cka_matrix": [
    [
      1.0000000000000002,
      0.31568266736288275,
      0.3120111693488987,
      0.2979295995926396,
      0.23328817346708228,
      0.3079146344610418,
      0.40566251170357714,
      0.32754790809887036
    ],
    [
      0.31568266736288275,
      1.0,
      0.8021865880845624,
      0.44857559943328873,
      0.6652465713755554,
      0.28610663264586783,
      0.4992530035972918,
      0.2440569735470555
    ],
    [
      0.3120111693488987,
      0.8021865880845624,
      1.0,
      0.39267814032361864,
      0.810563280170692,
      0.39275390868021864,
      0.5260112781477714,
      0.2662626051461098
    ],
    [
      0.2979295995926396,
      0.44857559943328873,
      0.39267814032361864,
      1.0,
      0.3905070728565407,
      0.2514007444400628,
      0.3721682980993267,
      0.3053313353717537
    ],
    [
      0.23328817346708228,
      0.6652465713755554,
      0.810563280170692,
      0.3905070728565407,
      1.0,
      0.37348234822110055,
      0.6020051970278958,
      0.3093071561242552
    ],
    [
      0.3079146344610418,
      0.28610663264586783,
      0.39275390868021864,
      0.2514007444400628,
      0.37348234822110055,
      1.0000000000000002,
      0.3398453410596168,
      0.3233562950416419
    ],
    [
      0.40566251170357714,
      0.4992530035972918,
      0.5260112781477714,
      0.3721682980993267,
      0.6020051970278958,
      0.3398453410596168,
      1.0,
      0.36821363457033923
    ],
    [
      0.32754790809887036,
      0.2440569735470555,
      0.2662626051461098,
      0.3053313353717537,
      0.3093071561242552,
      0.3233562950416419,
      0.36821363457033923,
      1.0000000000000002
    ]
  ]
}